R R R B B B 0 0 0 0 0 0 0 0 0 0 0 0 0 0 
R R R B B B 0 0 0 0 0 0 0 0 0 0 0 0 0 0 
R R R B B B 0 0 0 0 0 0 0 0 0 0 0 0 0 0 
R R R B B B 0 0 0 0 0 0 0 0 0 0 0 0 0 0 
R R R B B B 0 0 0 0 0 0 0 0 0 0 0 0 0 0 
R R R B B B 0 0 0 0 0 0 0 0 0 0 0 0 0 0 
R R R B B B 0 0 0 0 0 0 0 0 0 0 0 0 0 0 
R R R B B B 0 0 0 0 0 0 0 0 0 0 0 0 0 0 
R R R B B B 0 0 0 0 0 0 0 0 0 0 0 0 0 0 
R R R B B B 0 0 0 0 0 0 0 0 0 0 0 0 0 0 
R R R B B B 0 0 0 0 0 0 0 0 0 0 0 0 0 0 
R R R B B B 0 0 0 0 0 0 0 0 0 0 0 0 0 0 
R R R B B B 0 0 0 0 0 0 0 0 0 0 0 0 0 0 
R R R B B B 0 0 0 0 0 0 0 0 0 0 0 0 0 0 
R R R B B B 0 0 0 0 0 0 0 0 0 0 0 0 0 0 
R R R B B B 0 0 0 0 0 0 0 0 0 0 0 0 0 0 
R R R B B B 0 0 0 0 0 0 0 0 0 0 0 0 0 0 
R R R B B B 0 0 0 0 0 0 0 0 0 0 0 0 0 0 
R R R B B B 0 0 0 0 0 0 0 0 0 0 0 0 0 0 
R R R B B B 0 0 0 0 0 0 0 0 0 0 0 0 0 0 
